0 0
1020 33.3333
1020 133.333
1020 200
1020 233.333
1020 250
1020 266.667
1020 283.333
1020 283.333
1020 300
1020 300
1020 300
1020 300
1020 316.667
1020 300
1020 300
1020 316.667
1020 300
1020 316.667
1020 300
1020 316.667
1020 300
1020 316.667
1020 300
1020 316.667
1020 316.667
1020 300
1020 316.667
1020 300
1020 316.667
1020 300
1020 316.667
1020 300
1020 316.667
1020 300
1020 316.667
1020 316.667
1020 316.667
1020 300
1020 316.667
1020 300
1020 316.667
1020 300
1020 316.667
1020 316.667
1020 300
1020 316.667
1020 300
1020 316.667
1020 300
1020 316.667
1020 316.667
1020 300
1020 316.667
1020 300
1020 316.667
1020 300
1020 316.667
1020 316.667
1020 300
1020 316.667
1020 300
1020 316.667
1020 300
1020 316.667
1020 316.667
1020 300
1020 316.667
1020 300
1020 316.667
1020 316.667
1020 300
1020 316.667
1020 300
1020 316.667
1020 300
1020 316.667
1020 316.667
1020 300
1020 316.667
1020 300
1020 316.667
1020 316.667
1020 300
1020 316.667
1020 300
1020 316.667
1020 316.667
1020 300
1020 316.667
1020 300
1020 316.667
1020 300
1020 316.667
1020 316.667
1020 300
1020 316.667
1020 300
1020 316.667
1020 316.667
1020 300
1020 316.667
1020 300
1020 316.667
1020 316.667
1020 300
1020 316.667
1020 300
1020 316.667
1020 316.667
1020 300
1020 316.667
1020 300
1020 316.667
1020 316.667
1020 300
1020 316.667
1020 300
1020 316.667
1020 316.667
1020 300
1020 316.667
1020 316.667
1020 300
1020 316.667
1020 300
1020 316.667
1020 316.667
1020 300
1020 316.667
1020 300
1020 316.667
1020 316.667
1020 300
1020 316.667
1020 300
1020 316.667
1020 316.667
1020 300
1020 316.667
1020 300
1020 316.667
1020 316.667
1020 300
1020 316.667
1020 300
1020 316.667
1020 316.667
1020 316.667
1020 300
1020 316.667
1020 300
1020 316.667
1020 316.667
1020 300
1020 316.667
1020 316.667
1020 300
1020 316.667
1020 300
1020 316.667
1020 316.667
1020 300
1020 316.667
1020 316.667
1020 300
1020 316.667
1020 316.667
1020 300
1020 316.667
1020 300
1020 316.667
1020 316.667
1020 300
1020 316.667
1020 316.667
1020 300
1020 316.667
1020 300
1020 316.667
1020 316.667
1020 300
1020 316.667
1020 316.667
1020 300
1020 316.667
1020 316.667
1020 300
1020 316.667
1020 316.667